line 65 58 52 58 0
line 65 58 52 58 10
line 52 58 52 62 10
line 52 62 65 68 10
line 65 68 54 68 10
line 54 68 54 71 10
line 54 71 67 71 10
line 67 71 67 66 10
line 67 66 56 61 10
line 56 61 65 61 10
line 65 61 65 58 10
line 69 58 83 58 10
line 83 58 83 62 10
line 83 62 71 67 10
line 71 67 71 71 10
line 71 71 69 71 10
line 69 71 69 66 10
line 69 66 81 61 10
line 81 61 69 61 10
line 69 61 69 58 10
line 86 58 100 58 10
line 100 58 100 61 10
line 100 61 86 61 10
line 86 61 86 58 10
line 86 63 95 63 10
line 95 63 95 65 10
line 95 65 88 65 10
line 88 65 94 68 10
line 94 68 100 68 10
line 100 68 100 71 10
line 100 71 93 71 10
line 93 71 86 68 10
line 86 68 86 63 10
line 117 58 115 58 10
line 115 58 103 64 10
line 103 64 103 71 10
line 103 71 117 71 10
line 117 71 117 69 10
line 117 68 105 68 10
line 105 68 105 65 10
line 105 65 117 60 10
line 117 60 117 58 10
line 120 58 134 58 10
line 134 58 134 71 10
line 134 71 132 71 10
line 132 71 132 61 10
line 132 61 120 61 10
line 120 61 120 58 10
line 137 58 151 58 10
line 151 58 151 62 10
line 151 62 143 66 10
line 143 66 151 69 10
line 65 58 52 58 0
line 65 58 52 58 10
line 52 58 52 62 10
line 52 62 65 68 10
line 65 68 54 68 10
line 54 68 54 71 10
line 54 71 67 71 10
line 67 71 67 66 10
line 67 66 56 61 10
line 56 61 65 61 10
line 65 61 65 58 10
line 69 58 83 58 10
line 83 58 83 62 10
line 83 62 71 67 10
line 71 67 71 71 10
line 71 71 69 71 10
line 69 71 69 66 10
line 69 66 81 61 10
line 81 61 69 61 10
line 69 61 69 58 10
line 86 58 100 58 10
line 100 58 100 61 10
line 100 61 86 61 10
line 86 61 86 58 10
line 86 63 95 63 10
line 95 63 95 65 10
line 95 65 88 65 10
line 88 65 94 68 10
line 94 68 100 68 10
line 100 68 100 71 10
line 100 71 93 71 10
line 93 71 86 68 10
line 86 68 86 63 10
line 117 58 115 58 10
line 115 58 103 64 10
line 103 64 103 71 10
line 103 71 117 71 10
line 117 71 117 69 10
line 117 68 105 68 10
line 105 68 105 65 10
line 105 65 117 60 10
line 117 60 117 58 10
line 120 58 134 58 10
line 134 58 134 71 10
line 134 71 132 71 10
line 132 71 132 61 10
line 132 61 120 61 10
line 120 61 120 58 10
line 137 58 151 58 10
line 151 58 151 62 10
line 151 62 143 66 10
line 143 66 151 69 10
